Pearson Correlation:
   0    1    2    3    4    5    6    7    8    9    10   11   12  13
0 0.14 0.16 0.15 0.16 0.14 0.17 0.17 0.19 0.19 0.22 0.23 0.16 0.20
1 0.32 0.23 0.19 0.19 0.18 0.21 0.16 0.27 0.27 0.22 0.24 0.24
2 0.30 0.25 0.28 0.32 0.31 0.25 0.30 0.37 0.31 0.50 0.38
3 0.18 0.25 0.25 0.24 0.30 0.27 0.34 0.30 0.26 0.25 
4 0.19 0.21 0.21 0.23 0.20 0.27 0.25 0.24 0.23
5 0.20 0.25 0.24 0.20 0.28 0.28 0.24 0.21 
6 0.26 0.31 0.30 0.32 0.29 0.31 0.28
7 0.25 0.28 0.32 0.32 0.25 0.29
8 0.30 0.36 0.33 0.33 0.29 
9 0.32 0.29 0.23 0.26
10 0.39 0.38 0.37
11 0.22 0.28
12 0.41
13
Spearman Correlation:
   0    1    2    3    4    5    6    7    8    9    10   11   12  13 
0 0.34 0.36 0.38 0.34 0.37 0.29 0.37 0.31 0.33 0.47 0.42 0.32 0.40
1 0.37 0.36 0.28 0.29 0.28 0.27 0.27 0.37 0.37 0.29 0.29 0.32 
2 0.37 0.39 0.37 0.28 0.34 0.27 0.26 0.46 0.32 0.56 0.49
3 0.34 0.42 0.36 0.39 0.43 0.35 0.49 0.40 0.33 0.36 
4 0.37 0.32 0.35 0.34 0.25 0.44 0.34 0.37 0.38
5 0.30 0.44 0.39 0.28 0.47 0.42 0.30 0.34
6 0.29 0.44 0.28 0.37 0.26 0.34 0.32
7 0.35 0.33 0.47 0.43 0.27 0.37 
8 0.30 0.46 0.34 0.31 0.33
9 0.36 0.33 0.15 0.24
10 0.47 0.43 0.49
11 0.18 0.32
12 0.55
13
max_mutual_information:
    0    1    2     3  4     5    6    7   8    9    10   11   12   13 
0 0.10 0.09 0.09 0.08 0.09 0.08 0.11 0.09 0.07 0.14 0.10 0.09 0.10 
1 0.09 0.08 0.05 0.05 0.07 0.06 0.04 0.09 0.09 0.05 0.09 0.08
2 0.09 0.09 0.09 0.10 0.11 0.04 0.06 0.13 0.08 0.23 0.19 
3 0.06 0.11 0.09 0.10 0.12 0.08 0.16 0.09 0.09 0.08
4 0.08 0.08 0.08 0.07 0.04 0.12 0.08 0.10 0.09 
5 0.07 0.13 0.12 0.06 0.14 0.10 0.09 0.07
6 0.07 0.12 0.06 0.11 0.07 0.09 0.09
7 0.09 0.07 0.15 0.11 0.10 0.11
8 0.07 0.13 0.08 0.08 0.08
9 0.10 0.07 0.06 0.06
10 0.13 0.13 0.14
11 0.05 0.07
12 0.23
13 